
DataNode(value=1, key=1, creationTime=2021-08-02T08:53:46.344449)
DataNode(value=1, key=1, creationTime=2021-08-02T09:18:53.216938)
DataNode(value=1, key=1, creationTime=2021-08-02T09:19:29.860)